image: 2dmap_from_rtabmap.png
resolution: 0.02
origin: [-11.550000, -12.510000, 0.000000]
negate: 0
occupied_thresh: 0.65
free_thresh: 0.196

