image: maison_de_QBO_Neo_04022019.yaml.pgm
resolution: 0.010000
origin: [-13.160000, -1.000000, 0.000000]
negate: 0
occupied_thresh: 0.65
free_thresh: 0.196

